0.055000
0.069000
0.082000
0.128000
0.140000
0.142000
0.145000
0.149000
0.176000
0.184000
0.189000
0.207000
0.209000
0.230000
0.234000
0.254000
0.265000
0.287000
0.292000
0.303000
0.309000
0.311000
0.314000
0.318000
0.318000
0.320000
0.326000
0.333000
0.334000
0.354000
0.355000
0.371000
0.377000
0.383000
0.389000
0.401000
0.416000
0.442000
0.443000
0.444000
0.461000
0.462000
0.472000
0.480000
0.486000
0.513000
0.542000
0.551000
0.554000
0.565000
0.566000
0.572000
0.575000
0.586000
0.619000
0.632000
0.633000
0.679000
0.684000
0.729000
0.744000
0.757000
0.776000
0.824000
0.824000
0.832000
0.889000
0.963000
0.984000
1.000000
1.118000
1.144000
1.205000
1.250000
1.262000
1.295000
1.300000
1.403000
1.427000
1.526000
1.555000
1.593000
1.602000
1.675000
1.690000
1.738000
1.767000
1.835000
1.841000
1.874000
2.096000
2.159000
2.252000
2.288000
2.330000
2.357000
2.377000
2.427000
2.454000
2.461000
2.490000
2.640000
3.211000
3.487000
3.528000
3.548000
3.702000
4.175000
4.538000
4.977000
5.012000
5.299000
6.241000
14.363000
17.475000
19.008000
19.606000
22.206000
44.816000
49.064000
80.741000
119.343000
